-0.4857142857142857
-0.9714285714285714
3.6857142857142855
-4.742857142857143
0.22857142857142856
-4.628571428571429
2.9714285714285715
-2.857142857142857
-2.7714285714285714
-1.8285714285714285
0.7714285714285715
1.9428571428571428
4.542857142857143
2.5714285714285716
-4.942857142857143
0.02857142857142857
3.2285714285714286
-3.3714285714285714
4.6
0.42857142857142855
3.4571428571428573
4.685714285714286
-5.171428571428572
2.4857142857142858
-4.457142857142857
2.7142857142857144
-0.37142857142857144
-0.8285714285714286
1.1142857142857143
2.3714285714285714
3.6
-0.14285714285714285
-2.057142857142857
-3.5714285714285716
2.257142857142857
3.914285714285714
-4.514285714285714
-2.1714285714285713
-3.257142857142857
-2.8285714285714287
1.2
-2.657142857142857
2.0285714285714285
-0.34285714285714286
-5.2
0.8571428571428571
-0.6285714285714286
-2.4
-3.8
-3.3142857142857145
-5.0285714285714285
1.5142857142857142
0.5142857142857142
-4.085714285714285
0.5428571428571428
1.3714285714285714
-4.9714285714285715
4.142857142857143
-3.0285714285714285
2.4285714285714284
-4.142857142857143
0.0
0.3142857142857143
-0.8571428571428571
2.4571428571428573
4.457142857142857
-3.6857142857142855
3.4857142857142858
-4.257142857142857
-1.9142857142857144
4.085714285714285
-0.2571428571428571
2.5142857142857142
4.857142857142857
-5.0
0.2571428571428571
-4.171428571428572
1.0
-4.0
-5.114285714285714
1.457142857142857
-1.1142857142857143
4.885714285714286
2.8857142857142857
-0.7714285714285715
3.8857142857142857
-0.5714285714285714
-3.2
0.7428571428571429
0.8857142857142857
-3.085714285714286
-1.8571428571428572
-3.942857142857143
-4.2
-4.371428571428571
-0.17142857142857143
-3.342857142857143
0.6571428571428571
4.742857142857143
4.114285714285714
-2.914285714285714
0.2
2.142857142857143
-0.9428571428571428
0.37142857142857144
-0.9142857142857143
2.4
1.542857142857143
1.0857142857142856
3.085714285714286
2.1714285714285713
4.942857142857143
-2.0
-2.742857142857143
-1.2285714285714286
-2.5714285714285716
-2.7142857142857144
3.142857142857143
-1.0857142857142856
-4.4
1.6571428571428573
-4.828571428571428
-4.857142857142857
4.6571428571428575
-4.885714285714286
-2.6285714285714286
-4.314285714285714
-1.3142857142857143
-1.5714285714285714
4.314285714285714
-4.685714285714286
0.9714285714285714
3.8
-3.4857142857142858
1.6857142857142857
3.942857142857143
-2.342857142857143
-4.571428571428571
-3.5142857142857142
-1.7714285714285714
-1.5142857142857142
-2.6
0.11428571428571428
4.914285714285715
-5.057142857142857
2.5428571428571427
4.8
-1.0285714285714285
-0.4
-2.085714285714286
-4.057142857142857
3.2
-1.7428571428571429
-3.9714285714285715
-3.7142857142857144
-3.8857142857142857
-1.0
-1.542857142857143
4.3428571428571425
2.657142857142857
4.571428571428571
1.8571428571428572
-2.2
-2.3714285714285714
-3.4
-4.114285714285714
-4.6571428571428575
4.0285714285714285
0.6857142857142857
-2.5142857142857142
-4.914285714285715
4.714285714285714
-2.3142857142857145
-0.05714285714285714
-1.1428571428571428
4.057142857142857
-0.08571428571428572
-3.1142857142857143
0.6285714285714286
-0.8
4.828571428571428
4.485714285714286
-2.8
-3.5428571428571427
3.8285714285714287
4.285714285714286
-5.085714285714285
1.5714285714285714
-1.8857142857142857
1.8285714285714285
2.1142857142857143
-3.4571428571428573
-1.8
-1.6285714285714286
-2.5428571428571427
-3.6
-3.8285714285714287
2.6857142857142855
-3.057142857142857
-2.9714285714285715
-1.3714285714285714
1.3142857142857143
2.057142857142857
-1.2
3.1714285714285713
0.45714285714285713
-4.285714285714286
-4.714285714285714
-1.4285714285714286
-3.7714285714285714
-2.0285714285714285
-1.9428571428571428
-3.742857142857143
-2.142857142857143
-1.7142857142857142
2.914285714285714
3.0285714285714285
-2.4285714285714284
2.8285714285714287
1.6285714285714286
-0.42857142857142855
0.14285714285714285
1.9714285714285715
0.9428571428571428
-1.1714285714285715
2.342857142857143
1.0571428571428572
3.5428571428571427
0.8
-3.2285714285714286
-0.7142857142857143
3.4285714285714284
-1.6571428571428573
4.771428571428571
1.4857142857142858
2.7714285714285714
3.7714285714285714
-0.22857142857142856
-0.11428571428571428
3.1142857142857143
4.257142857142857
2.6
4.171428571428572
1.3428571428571427
-0.2
1.4285714285714286
-0.7428571428571429
-3.1714285714285713
-1.9714285714285715
-4.428571428571429
1.1714285714285715
3.3714285714285714
3.2857142857142856
-2.8857142857142857
-0.45714285714285713
3.057142857142857
-0.5142857142857142
3.5714285714285716
-1.2571428571428571
-2.4857142857142858
3.857142857142857
-0.02857142857142857
-0.6857142857142857
-1.0571428571428572
-3.0
3.5142857142857142
3.7142857142857144
-2.2285714285714286
-2.2857142857142856
-3.657142857142857
4.628571428571429
-2.1142857142857143
3.0
-3.142857142857143
0.34285714285714286
-1.3428571428571427
4.514285714285714
-0.2857142857142857
1.1428571428571428
-3.914285714285714
-4.228571428571429
2.2285714285714286
0.9142857142857143
0.08571428571428572
1.4
-4.542857142857143
-4.8
3.6285714285714286
-4.3428571428571425
-0.3142857142857143
2.942857142857143
-3.2857142857142856
0.05714285714285714
-1.6857142857142857
0.6
-3.857142857142857
1.6
3.257142857142857
1.8
-2.4571428571428573
-0.5428571428571428
2.742857142857143
-5.142857142857143
1.2285714285714286
-4.485714285714286
-0.8857142857142857
-4.0285714285714285
3.657142857142857
-3.6285714285714286
1.2857142857142858
0.4
2.0
0.17142857142857143
-1.6
-1.457142857142857
-3.4285714285714284
1.7714285714285714
4.2
1.7428571428571429
2.857142857142857
1.0285714285714285
-2.942857142857143
-0.6571428571428571
2.8
3.3142857142857145
4.428571428571429
-1.4
2.6285714285714286
1.2571428571428571
0.2857142857142857
2.3142857142857145
4.371428571428571
2.2
-1.2857142857142858
1.9142857142857144
4.228571428571429
-4.771428571428571
1.8857142857142857
0.7142857142857143
3.342857142857143
-2.257142857142857
4.4
1.7142857142857142
-4.6
2.2857142857142856
-0.6
3.742857142857143
0.8285714285714286
0.5714285714285714
3.9714285714285715
0.4857142857142857
2.085714285714286
-2.6857142857142855
3.4
4.0
-1.4857142857142858
