7.6351
6.7251
6.6731
6.4471
6.4051
6.3561
6.2681
6.2581
6.1931
6.0971
5.9761
5.8581
5.6081
5.6061
5.5241
5.5051
5.4381
5.4321
5.3611
5.2141
5.1651
5.1591
5.1361
5.1091
5.1061
5.0541
5.0541
5.0121
4.9971
4.9841
4.8991
4.8721
4.8551
4.7831
4.7581
4.6561
4.6551
4.6381
4.5931
4.5751
4.5211
4.4971
4.4551
4.4191
4.4051
4.3891
4.3471
4.3401
4.3141
4.3041
4.2871
4.2531
4.2231
4.2171
4.1511
4.0851
4.0701
4.0681
4.0251
4.0151
3.9661
3.9391
3.9321
3.9081
3.8131
3.8021
3.7591
3.7171
3.7121
3.6971
3.6711
3.6531
3.6511
3.6101
3.6091
3.5811
3.5071
3.4751
3.4611
3.4611
3.4541
3.4531
3.4451
3.3851
3.3581
3.3551
3.3271
3.2801
3.2671
3.2331
3.2191
3.2111
3.1951
3.1851
3.1811
3.1591
3.1581
3.1541
3.1391
3.1331
3.1221
3.1161
3.0591
3.0581
3.0511
3.0061
2.9881
2.9471
2.9191
2.8981
2.8741
2.8541
2.8541
2.8421
2.7731
2.7241
2.6681
2.6421
2.6161
2.6161
2.5521
2.5361
2.5091
2.5091
2.4701
2.4411
2.4011
2.3831
2.3681
2.3581
2.3321
2.3071
2.3041
2.2921
2.2901
2.2711
2.2661
2.2621
2.2351
2.2341
2.2051
2.1251
2.0811
2.0651
2.0551
2.0311
2.0301
2.0301
2.0251
2.0171
1.9971
1.9871
1.9771
1.9571
1.9381
1.9281
1.9141
1.9121
1.8871
1.8791
1.8181
1.7711
1.7681
1.7441
1.6891
1.6571
1.6521
1.6411
1.6341
1.6051
1.6041
1.5551
1.5361
1.5321
1.5251
1.5201
1.5141
1.4501
1.4331
1.3891
1.3701
1.3681
1.3661
1.3531
1.3421
1.3391
1.3361
1.3331
1.3101
1.3071
1.3031
1.2981
1.2741
1.2701
1.2241
1.2191
1.1921
1.1841
1.1811
1.1641
1.1631
1.1591
1.1281
1.1231
1.0631
1.0471
1.0431
1.0401
1.0371
1.0301
1.0061
0.9921
0.9691
0.9681
0.9531
0.9531
0.9231
0.9221
0.9121
0.8521
0.8131
0.8121
0.8091
0.8081
0.8021
0.7761
0.7421
0.7401
0.7381
0.7371
0.7251
0.7091
0.6951
0.6361
0.6131
0.6041
0.5911
0.5841
0.5801
0.5521
0.5421
0.5211
0.5121
0.4791
0.4711
0.4401
0.4111
0.4041
0.3951
0.3561
0.3421
0.3081
0.2951
0.2681
0.2521
0.2381
0.2081
0.1911
0.1601
0.1521
0.1491
0.1311
0.1231
0.1201
0.0731
0.0501
-0.0009
-0.0319
-0.0989
-0.1009
-0.1379
-0.1769
-0.1849
-0.1889
-0.2229
-0.2279
-0.2479
-0.2579
-0.2839
-0.2859
-0.2909
-0.3139
-0.3179
-0.3349
-0.3379
-0.3389
-0.3439
-0.3509
-0.3569
-0.3699
-0.3809
-0.4059
-0.4289
-0.4379
-0.4529
-0.4899
-0.4909
-0.5289
-0.6149
-0.6269
-0.6879
-0.7049
-0.7049
-0.7079
-0.7479
-0.7719
-0.8009
-0.8089
-0.8099
-0.8149
-0.8149
-0.8159
-0.8199
-0.8409
-0.8439
-0.8679
-0.9239
-0.9299
-0.9429
-0.9579
-0.9619
-0.9679
-0.9919
-1.0959
-1.1099
-1.1419
-1.1529
-1.1849
-1.1869
-1.2149
-1.2689
-1.2879
-1.2899
-1.3089
-1.3429
-1.3569
-1.3759
-1.4259
-1.4799
-1.4929
-1.5369
-1.5379
-1.5379
-1.5469
-1.7239
-1.8869
-1.9359
-1.9629
-2.0309
-2.1479
-2.4229
-2.6259
-2.7639